Timestamp : 000172.581
Library   : v2.7.13

Protocol  : MITSUBISHI112
Code      : 0x23CB260100240105220000000061 (112 Bits)
Mesg Desc.: Power: On, Mode: 1 (Heat), Temp: 26C, Fan: 2 (Quiet), Swing(V): 4 (Low), Swing(H): 0 (UNKNOWN), Quiet: On
uint16_t rawData[227] = {3444, 1736,  422, 1288,  446, 1262,  448, 422,  444, 424,  446, 420,  446, 1264,  446, 422,  446, 422,  446, 1262,  448, 1262,  448, 394,  452, 1284,  448, 394,  474, 420,  448, 1262,  448, 1262,  448, 420,  448, 1262,  448, 1262,  448, 420,  448, 394,  474, 1262,  448, 420,  448, 420,  448, 1262,  448, 420,  448, 420,  448, 420,  448, 394,  474, 420,  448, 420,  448, 420,  448, 420,  448, 394,  474, 420,  446, 420,  448, 420,  448, 418,  450, 394,  472, 420,  450, 418,  448, 420,  448, 1262,  450, 420,  448, 392,  474, 1264,  446, 420,  448, 394,  474, 1262,  448, 420,  448, 394,  474, 420,  448, 420,  448, 418,  448, 420,  448, 420,  448, 1260,  450, 420,  448, 1260,  448, 420,  448, 420,  448, 418,  450, 418,  450, 418,  448, 396,  472, 1262,  450, 420,  448, 420,  448, 420,  448, 1262,  448, 418,  448, 420,  448, 420,  448, 394,  476, 418,  448, 420,  448, 420,  448, 420,  448, 420,  448, 418,  448, 418,  450, 418,  448, 418,  448, 394,  472, 420,  450, 418,  450, 418,  448, 418,  450, 418,  448, 420,  450, 418,  450, 418,  450, 418,  450, 418,  450, 420,  446, 420,  448, 418,  448, 396,  472, 420,  448, 418,  448, 418,  450, 400,  468, 418,  450, 418,  450, 1260,  448, 418,  450, 418,  450, 394,  472, 418,  450, 1260,  450, 1260,  450, 418,  450};  // MITSUBISHI112
uint8_t state[14] = {0x23, 0xCB, 0x26, 0x01, 0x00, 0x24, 0x01, 0x05, 0x22, 0x00, 0x00, 0x00, 0x00, 0x61};


Timestamp : 000176.171
Library   : v2.7.13

Protocol  : MITSUBISHI112
Code      : 0x23CB26010020010522000000005D (112 Bits)
Mesg Desc.: Power: Off, Mode: 1 (Heat), Temp: 26C, Fan: 2 (Quiet), Swing(V): 4 (Low), Swing(H): 0 (UNKNOWN), Quiet: On
uint16_t rawData[227] = {3470, 1710,  446, 1264,  446, 1264,  446, 422,  446, 422,  446, 422,  446, 1266,  446, 422,  446, 396,  472, 1264,  446, 1264,  446, 422,  446, 1266,  444, 422,  446, 422,  446, 1266,  444, 1266,  444, 424,  444, 1264,  446, 1266,  444, 422,  444, 424,  422, 1288,  420, 448,  444, 424,  420, 1290,  444, 424,  444, 424,  444, 424,  446, 422,  444, 422,  444, 424,  444, 422,  424, 444,  420, 448,  420, 448,  444, 424,  420, 446,  422, 446,  420, 448,  420, 424,  444, 426,  442, 448,  420, 448,  420, 448,  420, 448,  420, 1290,  420, 448,  420, 446,  420, 1264,  446, 448,  420, 448,  420, 446,  420, 448,  420, 448,  420, 448,  420, 448,  420, 1290,  420, 448,  420, 1290,  420, 448,  420, 446,  420, 448,  420, 448,  420, 448,  420, 448,  420, 1290,  420, 448,  420, 448,  420, 448,  420, 1290,  420, 424,  444, 448,  420, 448,  420, 448,  420, 448,  420, 448,  420, 448,  420, 446,  420, 448,  420, 446,  422, 422,  444, 448,  420, 448,  420, 450,  418, 448,  420, 448,  420, 422,  446, 448,  420, 448,  420, 448,  420, 448,  442, 424,  444, 424,  444, 398,  446, 448,  420, 448,  422, 446,  444, 424,  444, 422,  446, 422,  446, 424,  444, 422,  446, 398,  470, 424,  444, 1266,  444, 424,  446, 1264,  446, 1264,  446, 1264,  446, 398,  470, 1240,  470, 422,  444};  // MITSUBISHI112
uint8_t state[14] = {0x23, 0xCB, 0x26, 0x01, 0x00, 0x20, 0x01, 0x05, 0x22, 0x00, 0x00, 0x00, 0x00, 0x5D};



